,Value
ARI,0.9970058715797502
NMI,0.9947075745287468
ASW,0.810122162103653
iASW,0.8101221561431885
iFI,0.9986995195310573
cLISI,1.0
ASW_batch,0.9936118142551255
GC,0.9999
iLISI,0.9225657366989148
kBET,0.95997
