,Value
ARI,0.452743813
NMI,0.609728768
ASW,0.541218869
iASW,0.54447358
iFI,0.63285632
cLISI,0.994421617
ASW_batch,0.542066579
GC,0.852978838
iLISI,0.018525103
kBET,0.038086679